0 -1.0545305952211013 -1.5071822571333109 1.1317289348879707 0.28193062144376035
1 0.2769789181483824 -1.7189420359076635 0.3198174623773158 2.539931850473751
2 -1.7811163915986272 -1.6264203189885267 -0.7955047153872631 -0.8127047193070247
3 2.3377938767948745 -0.24749469810721964 0.7604637211496199 2.651970950608071
4 2.167680259338333 0.09529042769129226 -0.4100908467284432 -1.609927801570508
5 2.0789525338586206 0.155152525800351 -0.27576401555811736 0.3350050503489407
6 -0.28017536064316695 -0.6764039900960626 -1.6984414990235897 -0.14663655933681063
7 -1.009341226481347 -0.2108263364143711 -1.231557853551691 -3.123046991213124
8 -4.092716545987769 -1.055294297114457 -1.9174006565927226 -2.574208699053431
9 -1.3373076746223134 -0.7272472650544458 -1.0655736610030586 -0.33632550809184547
10 -1.0677219674939524 1.6741804329324381 0.11705501674194758 2.5850525715482977
11 -0.16033213406188745 -0.19367622208905022 0.4529386127454644 0.7232802594588119
12 3.4989265690103424 0.0040176834630704095 -0.5099941787961848 -0.27968028219076435
13 0.3541744163722781 2.01904331096557 1.094691485896143 -1.2956083005217052
14 -1.7290410995893735 0.15862313362057545 -1.421749625367229 -1.1435408631663435
15 -0.9161248183823251 -0.5669573160934688 -1.9836873634246657 -1.817730096735544
16 1.424669175973318 -0.9813341423256743 -1.1573076715262292 -2.0118932489117225
17 -3.825297308556353 -1.8689303794054202 0.9085425554686225 1.3558288567301644
18 0.06549208700510245 -0.7467164653814486 0.6616898133816217 -1.4737294102791254
19 -0.14405661932900843 -1.5702422449582654 0.2214726809158567 1.961631659422538
20 0.4122124885589553 -0.9771024180613908 -0.2692946172067231 2.333537537410341
21 -3.2228400729953206 -0.6680736070815302 -1.4965212891831012 -0.325145168355365
22 -2.657038871962977 -0.6971862528678654 -2.3831701044363953 -0.6083064828945284
23 0.6311097191478215 2.041060836707847 2.2872961853324054 0.1447686377946363
24 2.298096078657232 2.952101718319833 -1.2705379230736624 1.969204078956213
25 1.0290508127761693 -2.9691567811606268 0.34702270181561845 -1.3960390180163498
26 -0.12740972836031184 1.704575337466638 3.262692678288589 -0.29522039721603677
27 0.9345398743301001 0.6024846825327209 2.4093205791306325 0.8785142735854252
28 0.7820341581385382 2.35487316933317 0.8856071999132114 2.393859425312148
29 1.3697508897380741 -0.5927335071857851 0.28141745311840505 -0.21365007401025882
30 6.905417833953108 -1.737701076400349 -0.3109079895312652 0.567048365358211
31 2.767389026863481 0.7140668929979972 -0.27942491028583655 1.6333402593248978
32 1.111833992390562 0.19136881072883405 0.7587575128662272 0.6429958643431064
33 0.5254521406863173 -1.2296890078932556 -0.7412835028907037 -2.6133933616127107
34 1.5505565541705022 0.47317300458362344 -0.8847905761309934 2.253063636293235
35 -0.3807993031583193 -1.4324095293276402 0.28331738006527374 1.01163847908864
36 2.135110650917772 0.3503531417539368 -1.073296969753659 -0.8830447785016715
37 -1.1217610142138095 -0.5353227868969826 -1.0627931470626701 -0.6534262464822895
38 1.9854583640769286 0.38760005919537965 0.7620671790427723 -1.6458727345290434
39 0.33942680837457906 0.7510918759901171 1.0268740859404855 -0.5656678101868094
40 1.3977817268273371 -0.058486639891883435 -0.693127374778863 -0.9852042147985862
41 1.111756541785732 -0.6945184546890746 1.824590461330117 -0.6174398731424361
42 2.0553621312071826 1.463587509981221 2.1300067952950097 -0.018689464651976018
43 -0.35335209727310934 -0.9019442571972494 -1.4476911306233156 -2.638818683786312
44 -0.7651457724833219 0.09883318319558698 -1.9240906371323185 -1.136552871920739
45 -2.667463613939629 0.380562237261782 -0.7315161546992685 2.040531339945205
46 -0.8093028142567007 -3.75593703768455 -3.0721943945795456 -0.3911388724935344
47 0.5030631813944167 0.11377574657758172 0.5743717122935316 0.2083466238369921
48 -2.046959564837468 1.5920263805067636 3.685056938814755 -1.6783563582436938
49 0.009384004110691874 -0.25778144610518633 -1.4071284361804142 2.218480547927233
50 -1.7312848391715407 -2.338208214711175 -1.2398533772616738 -1.4020203713169936
51 -1.5128927545086124 -0.25459531827108794 -0.46775656872098015 0.31498223007745607
52 -0.6599691885217158 -0.37673982841302295 1.431129050494492 -0.4434008225311065
53 0.2945087716787271 -0.2352030693800392 1.3620671198647047 -1.1444123020038277
54 0.17884651806986596 2.1468461261252463 -0.6951698087702709 -0.2576807155825163
55 -1.6786880718341364 0.1617311771368657 -0.543007270303308 1.1186470868836165
56 -0.7784704424292719 0.5411093209146528 -2.709862220158907 2.598470026373205
57 0.11436886081778663 -1.5338325428685333 -0.6422260862955479 -0.058687229068283386
58 -0.13483891226937442 -0.04036579193530221 0.9778331823677604 0.6792403707646416
59 0.4136646913918497 -0.9643058517384293 0.6854389022985716 1.484836241338393
60 2.580591340440505 1.3405914014785958 1.6784815391330588 -2.0191155094711726
61 -2.6208560020605822 -2.6096807556536525 1.4287395077699827 -3.7308662623673996
62 0.9094101859862938 0.2956846315638135 2.6905849468788183 -0.3137607636572435
63 0.9301068930607126 1.805744229721049 3.806139095886674 0.1290002835323204
64 1.3325074461090922 -1.161866848533736 0.17989085825149578 0.6845971885393356
65 -3.493184822603902 1.2142639579627994 0.3671603456165008 3.4089130344420737
66 1.7288049144484723 1.913413073650573 0.3844121974086263 1.3226709051609575
67 0.7689585048527758 2.16584300823063 2.429332435052625 -0.24157712938862186
68 -1.7743358075814066 -0.5221576631491145 -0.01872686559184722 -2.943596697240624
69 0.013387552516272279 0.40399005325124226 1.6369881995024067 -0.6689375318591727
70 0.32456106635820914 1.505232661624743 -0.760333739361783 3.310632355723507
71 -4.201466232873544 -3.1308255959394518 -1.7417185508062043 -2.3861160877226846
72 3.4755511326849557 -0.08466732365665086 0.22400343530943523 -1.3120094224179448
73 -0.5321126191584855 1.670467987708654 0.2999570645120345 0.04319758772330973
74 -0.4946552323914588 -1.6987158447437203 -0.4991821837641948 -0.11302738193922623
75 -0.029797838736706272 0.7949670746160322 -1.458101732016516 -0.8374172563171484
76 -0.2198657280346285 -0.33119435709913914 0.44614282157630836 0.29894416879857594
77 -0.37227908553841893 -2.01122597259507 0.12692125849710778 -0.15035811896419476
78 -0.6534306070594273 0.8728258965465429 -1.5502009822376177 0.3493127558875483
79 -0.5976583985297446 -0.023754104146165078 -0.024332109965699733 -1.3110592791455047
80 0.8618779066938798 -0.8519995849317916 -0.1356533659946051 -1.86525737951389
81 0.23048935282358285 1.3683545632057323 1.7021574041455878 0.9511390807694841
82 -1.4113375254920653 -2.290233460654498 -2.3153522067057732 -2.3484264060560625
83 1.1762658961605126 -0.4468522445387126 0.015156703021476536 -0.3084988106552617
84 -1.1445930135573896 -0.8814185525917192 0.6532760296697772 -3.8249046629483288
85 -0.0739955725927477 -0.3261607593650257 1.4452117408565766 -1.434775877376138
86 2.6458039815962406 3.090812057179244 0.9023817308568497 1.5465239798770019
87 -0.18834214280547312 0.2254392560989235 -0.23589181522346397 2.6366620841056596
88 -0.6647848107069443 1.8786998167694606 1.6708775977012256 -0.9337378999196632
89 1.3120292854628295 0.978698174035153 0.10807797959913135 -1.5272314057923406
90 0.6977504774270562 1.437983779713055 0.9138496571041772 1.71443511835167
91 -2.23149831798744 -1.3029785321345235 0.9164968839336346 -1.2652412554818473
92 -0.9779713948338619 -1.7561767799618317 0.8273282048705317 -0.8789216810015704
93 -0.6175469628686084 -0.6985002060346721 -2.4686046659909744 -2.584699568149422
94 -0.11799552987874623 -0.6696468834961968 -1.8290791339630534 0.228029949292136
95 0.13104938382347353 -0.007401231677268361 0.41406419669578626 -2.308628488900739
96 -0.08551417398953598 -1.1591298431790968 -3.015993796382831 0.6728056047713384
97 -2.5726626126186094 -0.7673483728908819 -2.4945598415693784 0.7358314558658676
98 1.3557032148516672 0.7721255992690496 -1.816960754049162 2.4136216691306975
99 -2.6047159464125986 1.7104109135519183 0.125633529774002 0.466893695783944
100 -0.5484339924447428 -2.1664229734865006 -1.395904028446855 -0.7433428765771706
101 0.2522906799646319 0.15320519537642605 -0.4958694529138934 0.2864065441141398
102 -0.039913696602746906 -0.3968430162849995 -0.3443572397090655 -1.3018816329897527
103 0.3982058270944339 -0.24105085951865024 -1.4092721617992054 0.2992604764332808
104 0.29655585422216973 1.003794737305102 1.8404191659935605 2.6569045130827984
105 2.731302121447844 0.439513185935757 0.5326555658637001 0.6506179828670777
106 -0.4965312402735388 -2.712677012978137 -1.1878846723468641 -2.5624285515927827
107 -1.7451502913820656 1.228773556882818 -0.926136146256026 0.48107978840175547
108 0.5238844937660065 -0.4838012944515939 1.7755041707422001 0.4495910950051285
109 -0.8384543473147811 2.1712700812526347 0.8437986076405618 3.128388500199598
110 -1.9818504456286492 -2.4895224813844163 -4.530934979913088 -2.2176510298718286
111 0.3456682503042216 -0.29911933443902533 -0.9439399531523851 -1.3474106110721271
112 -0.17613253761483283 0.2660830312224053 -0.747749557982927 -1.0096615715579222
113 0.5918286399623132 1.8398097570664196 2.004282432677876 -0.15594381244516098
114 -2.425677602703831 -1.507242827675106 2.0733544721856028 -0.8499675079854472
115 -1.1754685578515125 -1.0556588051727953 0.3966623900046299 -0.4829148373831277
116 -0.4174579194946886 1.7446744651623973 0.10942253496794518 2.414462621252247
117 2.3153295852304954 -0.08325068465104157 0.4191282732420988 -0.6847707370727284
118 -0.48250548441696844 2.1263243751655567 0.34130876612951866 0.8565059075074843
119 0.8955277304430699 0.03419204504013029 -0.4168302453165482 0.7477720707085131
120 0.6833632695787328 0.131943508586305 -4.535158718115429 0.04766162878963809
121 -2.754992873638011 -0.8859112034422911 0.8487768489650966 4.385859531070128
122 -0.10875606867263043 -0.10505094674542464 -0.04947208325403782 -0.08104201263519617
123 -1.050323474734532 -0.5528215722504315 -1.9929003113125858 1.3119904453401032
124 0.36988370463582365 -0.6691819264512633 -1.8386354105368246 0.8192924445336335
125 0.3391249646108065 0.4254556728891894 -0.5263660181117563 0.20997002061973605
126 0.05903564679812923 -1.2891363744156579 -0.8973810603156465 -0.6443513413800157
127 2.1749889164940646 1.4857278037275972 1.9325484113226177 0.2893148998346033
128 -2.093860299196415 -1.4026035073826857 -0.12627636616550642 -0.9424257211981015
129 -0.0014798421234476916 0.20728110546591338 1.1255121470981688 0.5201352051291236
130 -0.34643371679080376 1.556148586204309 0.14462909314154654 0.8171326686339633
131 -0.12031761577601315 0.5314650869019987 -1.4148483153837224 0.738643812598195
132 0.02547273558908028 0.32189281690491583 0.4965824605947434 -2.256562871081773
133 -0.5725093424098984 0.9596264905928724 1.9641985449849593 0.07170036754260312
134 -0.4136136238276892 0.4329462505449396 2.540145950517039 0.8718805247689412
135 1.4417160359622339 -0.4113446077621952 1.965446088626567 -1.2229535917700662
136 -0.2874557269812587 0.3067307432642504 0.7140899596862456 0.07602050079737221
137 1.2735071650476908 2.096015155169351 1.5977855087896393 1.0082808495168865
138 1.5220768988199533 2.2073576612533223 -0.5952221476864363 2.3856336622102643
139 -0.5114003401684091 1.9897123816493862 -0.4770899909661556 0.3294286280123503
140 0.15252617443077393 0.5537370168580878 2.4106168620816133 2.579471426474283
141 2.7161529369195603 1.8858892691685518 -1.1632158732000248 0.5493140388231383
142 0.4430949973936702 -0.13013757944471382 -0.4171043554112799 -2.1140815256880092
143 1.7405952590322653 0.5126325570018222 0.26421251487590613 -0.1252769664754234
144 -0.38409674034050156 -2.1212317184434486 -0.36554896575796036 -2.2590633157630284
145 -3.6157719494919354 1.1455047520709938 -2.2524178150760816 0.06384172662049292
146 -1.257610060415089 0.5377266362364181 -0.6591751330809194 -2.676778324520712
147 -0.7330902760660644 1.3900480169608713 0.3032961884040656 0.14126975852440193
148 -1.0554596703763515 -3.298630185436959 -2.7721931788078593 -1.6386946178112922
149 -1.4125971064925549 -1.9816709186745078 -1.2730994270521683 -1.5741595700613311
150 1.3240893514185126 1.4076159097838432 0.9753323278784852 1.7687763947871793
151 1.0446554935237136 -0.9950386481320381 -1.1876285392985353 0.7365113272515134
152 1.4720780267006106 -0.7383819653499374 -0.565631429663392 -3.4485618397284115
153 -1.124760717879672 -1.4640948995662475 -0.3194189581848269 -2.2089303466937027
154 0.18517001892591323 -1.078844625735386 -0.05325052814046738 0.3809268796344668
155 1.2373227844028172 0.019547019656122933 -1.4906913119068026 1.0827908821597945
156 0.34109685713742355 -0.5959957464377533 -0.2020355823990239 0.5181060472191887
157 3.243522792636915 3.5500009071556056 -0.09616948212143306 2.1066793144349973
158 0.27105725882204196 -0.42378935662861106 1.885228091959331 -1.3392159869924325
159 1.6717511002489458 2.061377495633119 1.9837465726808539 0.3101544434662788
160 -0.28921708417678993 0.13234805052766635 2.060787568831048 -1.8665731792509783
161 1.3650970457469729 0.4255901800104851 -1.9312100863153308 -0.9633579823661698
162 0.901007767637229 -0.03499733800865576 2.652343521913323 -2.3914022910907997
163 -0.5609340041099539 -1.4628940792546414 0.4789989353074221 -1.603001123038938
164 -0.5392609862251855 0.010748523194612447 -0.7840474920201879 -1.3774601868662544
165 1.2124076385828824 1.2850096508355708 1.0069463757836532 0.35038103825151723
166 1.5110337807648673 -0.834013824258993 1.163822169880779 -2.6214035591926095
167 1.2793500099315585 2.158353147711158 -0.019175880422125036 -0.32043430329016953
168 0.7949051888324357 1.0265238409046704 0.6620530144408538 3.8243297063002135
169 1.4995344103016492 -0.794652226276253 1.313712185679294 1.1653167660070916
170 -1.1389348120217517 -0.7525265395590133 -1.4758046266019458 -0.743370729815424
171 -1.623029354931167 -1.34246651058196 -0.7758034142307177 1.0867792495788287
172 0.08314162971460659 -0.2848316504384635 1.4779598961906966 -0.3283712029580147
173 -0.9310991985432411 -0.41575699471063754 3.3505715503478974 -1.3877580996106
174 0.8470934965040541 0.1343197284980186 0.9567219196684211 -0.6794466910642887
175 2.73650032533813 -0.8831225254236162 -0.8193541008884786 -0.5401595550638846
176 0.5396705487028334 0.6199647337907868 -0.3562209843973219 -0.2576012645330067
177 -0.34422402279174036 -0.8431161627285556 -0.12134611705834192 -1.4703943255254968
178 1.9662839827949892 0.3583064391348119 0.27755458999783533 0.9333377727592802
179 0.15695066127455604 -1.9712148915560908 -0.040058887184727165 -0.8895597154647019
180 -0.799336965929341 -2.1166083471257937 -1.0522892369430923 1.7814739919022093
181 0.8706216344287618 -0.31045832072693313 -0.21260799451749357 -0.9515889010498395
182 -1.6604254072267477 -2.0468873543304995 0.06952413334669738 -0.7881048707002207
183 1.5081318352207087 1.7487616673136177 -0.8878424187404902 0.488975903715933
184 2.128150760732553 0.7603733668379526 1.1058907532829978 0.571473450662002
185 0.442625351366719 1.6910034385937234 -0.8758682167349701 0.8429590406203954
186 1.6924157952143353 -0.4919054453170717 1.2738407327768582 0.990831862937464
187 2.754072813998917 1.40611261368148 2.088695127251845 -0.6191926669687828
188 1.2260679172756739 -0.8569800259820003 1.0066866246341504 2.1075772561198542
189 1.158313406383334 -0.8506166150446712 -0.6816996462985003 0.16305825466520196
190 -0.1907117603319794 0.4115557689551763 -1.5609928029789784 -1.1025870432063902
191 -1.2794067759433114 -0.8681197977639352 -0.9989397047028441 0.43166272518320137
192 0.635908529730264 1.2803216741198893 1.6712561925652931 -0.8042573683320859
193 -3.491351102063455 -0.3739465670234006 1.4597707223987773 2.8415228637828864
194 -0.5379514330408394 -0.5475214503373499 -0.9968042377026716 -1.5940838897675385
195 -2.2575204433634846 -1.666268611108066 0.14901398744204836 -1.2508190598627453
196 0.20590766246447656 -1.4890227143974413 -0.5648757850841286 -1.307421179206984
197 0.24104940601818042 0.40582079932531884 2.2551726969327315 -0.02051861542875616
198 0.37671843548945166 1.1101215144117456 -0.7347538141113745 0.7954756684498074
199 0.17434945222440873 -1.8911005029586738 0.5337014421297263 -2.7776806160353553
200 1.3340356315732878 1.9288368299558027 0.16235993063121013 1.7278443363075109
201 -1.249737652488948 0.21112716568759904 0.30415994277976643 -0.30000380621567846
202 -2.5584936013609707 0.6938969507884465 0.6008894133195782 -2.499268939586124
203 -0.4414418007255092 -1.0539305883751178 -0.08608755907011387 -0.8847437236582265
204 1.643140395068543 0.052718885046589614 -0.10179374706584035 -0.3811316745266655
205 0.6874556891803192 -0.14812032104499262 -2.2960897840970778 -0.6471376319669655
206 0.631666932989058 0.8337328053607904 2.0912470465310276 -0.37880657427207304
207 0.5231047640996817 0.4930409579337447 1.445182878040208 0.5778976044659538
208 1.0784095304231018 2.9226512868042898 1.3273554753272858 1.240494835992171
209 0.7729533333275679 -0.3148494198190781 -0.3936836186726432 2.22895553783194
210 0.7806334859804818 -0.44109514938619243 0.15431413269509775 -0.45295203081889157
211 -1.1845348247666068 1.8472437635960945 3.5307791593960136 0.13512440179461344
212 -1.028295938289985 -3.4546059085744165 -0.8517281411512823 -1.7112846757876377
213 -1.6260274398811254 1.2546262367618857 -3.203346717844218 1.410672561607102
214 0.6217658459758396 1.131427528091586 -0.5992202725833754 2.0455608701336634
215 -0.2980072416015628 5.463146205328163 -0.6678263707054556 3.318041199837507
216 -0.8904448948149477 -0.8531506629363368 0.1723379264756899 -0.17136313140062986
217 -0.3457244397605862 -2.02587702204764 -1.27336677139618 0.24544937787627974
218 0.6817373799193468 -2.1311446038105153 -0.3381235822733081 1.5762855513213316
219 1.178077070979019 0.793561827615127 1.3468282745500848 -0.23576639765310536
220 1.8885339691503464 0.8149492556356217 -1.6077548170717464 0.0688647117230719
221 0.5225151076801338 1.6437959989488693 -0.6732400776593914 0.027683250490110202
222 2.1431887119219484 1.963646139952791 -0.2062705511010583 -3.241374232067648
223 -0.013268035382658805 -0.3516578017637749 -0.445164442316346 -0.9972639242704027
224 2.260465835818713 2.856121143309018 -0.5546926049774556 -1.3342419961220826
225 -1.0157997924786204 0.9804360397897383 2.3489580416791958 0.31211101501934796
226 -0.6826984377978008 -0.1153922232108397 1.2354270749209286 -0.44869015508371424
227 -0.1981537615499575 -1.2322209934189685 -0.5393593796202668 -2.5613271108836355
228 -0.6496538767487933 -0.5779436282222089 -1.3719949827852587 -2.615420202114824
229 -1.9566770516335295 -1.138318736628857 0.12083499529810393 -1.2373275675559459
230 -0.7376395999688834 -0.03790851842438977 1.2750078469820172 -0.8546332275260962
231 0.013553801016126688 -0.7258604496856694 0.46902409405695605 0.21700518395548887
232 -2.308068185366304 -2.8377653488037033 -1.9066897472590454 -1.5849609721385136
233 -0.39672464490782255 2.8912440956705145 1.8263771755971487 2.351725571138165
234 -1.7507890054176545 -0.654570689922973 -1.1795752891215245 -2.69996413998003
235 0.24145774678133464 0.823120284653573 1.5485030405733353 -0.3539023052551542
236 -0.15041824957353633 1.6760012434490332 -0.2999629525945143 0.6187784343654347
237 3.767463081061133 1.4058751357921866 -0.9307909499683752 0.13356240435620692
238 -1.7727087282645408 -1.8914708918809224 1.29143364333027 2.33708662083209
239 1.3368125521722254 0.36044424357780874 -0.5380753678860098 -1.8114713841844128
240 2.818197672056712 -0.3179517859453967 0.5271060949779602 -2.295579862005142
241 1.9146752957304038 -0.3136997418251172 1.5676551884805663 -2.495214240301984
242 -0.43288719673390874 0.6400484370700144 1.9956914090584035 -1.9144953589605935
243 -1.2838577467197267 -0.01578937406983033 0.022394848349330754 1.2195602516403354
244 0.6468291503608758 -4.656639062669236 -2.6819324063287078 -0.7171708914783247
245 -1.9240846431225662 0.7657171489034234 -0.4216323340657828 -1.7404041701156654
246 2.4154089647818004 0.335427163005471 -2.495996554965317 0.4154758183500179
247 0.9649059319665941 1.6871302989967285 1.1375746894817829 2.137564618348606
248 -1.4528276370378523 -0.6632996735892531 1.416073583843616 -1.379993142747781
249 -2.1178951322343784 -2.0062196403234798 -2.933693067364374 -0.5437805227518616
250 -2.4086883869168902 -1.302684266208391 -0.14723008034731777 -1.1374004720913904
251 -0.7704169790625179 -2.4229107451820386 0.05337488201421381 -0.377956038781984
252 -0.6405062279087623 -0.48981513030614526 -0.47502711695442734 -0.8155159325108663
253 1.649157078089534 -0.916605945330691 -1.3982797333320343 0.6562911193552505
254 -1.5461980559497739 0.9554183025853066 -1.0243424385982345 -0.339629187281324
255 1.763496594926356 -1.7580524026411863 0.5056801902357175 -0.43847337188250285
256 0.4479135733705899 1.2296330563035665 -1.9268027886264132 1.052207186601509
257 -1.1101889797465063 -1.0401095292151796 -0.5157727340432262 -0.5835891832162632
258 0.21856883976049832 2.022282506073429 -1.4976624001414947 0.40725870994710456
259 -1.3310985279045633 0.5123280398676118 -2.0370141170670237 0.5853351606011246
260 0.6077484400451094 0.8093975589244751 -0.5559533279920056 -0.8837605334130338
261 1.9139084939622506 1.0431710610816456 2.3596405812963153 -0.0458486346983058
262 -0.9383086211242238 0.3585286060067111 2.15980653026237 1.569671748636709
263 0.482082425498198 -1.1122992649669476 1.3089054162550122 -1.2155798034072303
264 0.532205464026059 3.2149008042155236 1.1288100731620705 1.3850088955468913
265 -1.5791642733747175 1.0479819467150626 -0.07768015958031499 0.07352787317956366
266 2.491911297581909 1.621890728158486 3.331560587561063 0.4442697705115548
267 0.2859192499911134 1.1482451460029472 0.3516375225002274 0.1928697875235602
268 1.2535217657381654 1.5023586480302122 1.872403391895525 0.3398092610807967
269 2.044889479219588 1.731705234093939 -0.5340881558673716 0.5798862511127306
270 -0.14456250525151923 -1.0525088942614225 -1.1579745916866748 0.6351571696491009
271 -0.9320523847404052 1.1259295469069774 0.744026193860752 0.3572061660234589
272 0.7497324604764126 0.499055484028346 -1.064467054643486 1.5365953894341076
273 1.6479473370153888 1.5516256741253374 2.5057321534965755 -0.33312423235899824
274 -0.2980566706590122 -2.5078163919330834 -1.2279691329762805 0.6288024096732889
275 1.005078320636272 -0.07838867537606797 0.5066172146621022 -1.2240312696108755
276 0.3592644095123961 -0.732330592027885 -1.2188772328061193 -1.0355021273170708
277 -0.11091661472877745 -0.06891694157132455 -0.37967175892542093 1.4303296972613442
278 -0.13565034001480658 -1.2069989151035632 -0.8543939128641536 1.488357643378798
279 -0.1857410507607773 1.3983885712366848 -0.9825949139214514 0.8489439816033431
280 0.8577936964553933 -1.3348291770421141 0.34311397653779396 1.5188902462447884
281 -1.589478083430748 -1.6127260346290515 0.14490268139118404 -1.6068862275280549
282 1.291805485038947 0.17829990501137882 -0.9199183693752626 0.5186144473328298
283 0.8277089378223074 1.042559603949448 -0.8106242662429576 -0.6912485516687517
284 0.24062992358918261 -1.1251655393229167 -2.523260206357918 -0.49478125533130735
285 -0.7704581264684351 0.007464038959674957 -1.6804121506384138 0.9723397135402264
286 1.7627244348806173 -0.10036356059282903 0.95178134472367 -0.9834076116069375
287 1.1373587834074745 2.1977338865850724 0.4793616689626792 0.42917663442196397
288 -1.3134266206854437 -1.6974452335258863 -2.3362889299449776 -1.242260734632863
289 -2.7331610590205733 -1.174908530865848 2.1748703759171155 -0.2306582303924859
290 -0.8485663170358339 0.985026539818459 -0.026783697117417682 -1.0017571682451698
291 2.0141084664933984 3.475398401883451 1.581553683399211 0.3436820915732288
292 -0.4294525918907759 -0.13259324420822205 -1.3901658385352986 0.9205810763947713
293 1.1776610130569427 1.1540489675623864 -1.4100058969665863 1.5609400106140972
294 -2.82851925922276 -1.6352744075124324 0.5179016940333023 -0.17551704543784585
295 -1.9503241432236105 -0.8637668591833367 -1.2594988873685962 -0.15550398543202215
296 -0.4052191636991984 0.08220138188653359 1.2432059157399975 1.3428170237233719
297 -2.0617139033741494 1.3970496520956903 1.3386414477627442 1.1098628061318252
298 3.3583039540262805 -0.038023370560674376 0.26098720222610294 -0.5124097622998548
299 0.28958124081686343 -0.1011018812113953 1.149688522571747 1.8632870043384626
300 -0.44342172954631914 -0.6940469401716207 0.190795275182883 0.3226443720588334
301 -0.6964478544603079 0.6378276880337745 -0.0006954071160882314 -0.1552332145875022
302 1.625842115032273 1.6875363041992972 0.639576142182731 0.14123795260779626
303 -0.21147470980262717 0.4144304159432477 0.46342488215557065 1.5229200177313014
304 1.13781424549266 -0.47841380265637856 0.8759034933933765 -3.1198861937583247
305 -0.005281731683060731 2.2506957313869886 -1.0871220332472689 -1.0098887599313295
306 -0.4466918228774075 2.5800031697665076 1.9188121765476596 0.6192229439299207
307 -1.4887849559294777 0.6113239434842039 -0.25599155026326437 -0.2414227788695018
308 1.1639205975289255 0.48184371065488474 1.1654886948391225 1.2089600390753987
309 1.1321931752137804 -0.37243173680513986 0.22801948084811816 0.0752032247773674
310 -0.33925262162728265 -0.6926756160033926 -0.40946772997249375 -0.24174864165677185
311 -1.4785263707518905 -1.2417442014933455 0.8802285758103622 -2.1229806632178105
312 -1.3125038293960438 -2.228651709474059 -0.9367481429516846 -0.9766758486644158
313 -2.068948701302709 -1.5081272781422688 -0.8483251424194661 -1.49274142131405
314 -2.32787586726844 0.1200287706175911 0.192880000429199 1.9488789429153812
315 4.903711960242019 1.0129127526123378 1.1073610099057223 -0.647291918456563
316 -1.9201172095510302 -2.674385403869688 0.1193525581033695 -3.190839453364621
317 0.32096357012722404 1.4118005862819496 -1.62745026292913 2.3181612027338505
318 0.9591626863407468 0.3836562226924015 -2.5429199296436025 0.3371624080185113
319 -2.195121255059881 -1.6345495971681951 -0.26966015993354114 -2.987500461203305
320 0.9584619671983619 -0.36902338700040016 1.0038618520686091 -0.8394216320115264
321 1.4382262026695165 0.647889563513694 1.7739952063029687 -0.9743470683334822
322 -2.6758612047861443 -2.394455942397021 0.3158489740503657 -2.0335765800239547
323 -1.1831185974223208 -1.138591052766079 -0.8383662782499126 -0.5014795186353287
324 -0.2098400855465985 0.2655678876785527 -1.4956078934046255 0.702892785561839
325 -0.5991053287528506 -0.9818599993219477 -1.3706236993368481 -2.234722883591223
326 1.0457212855595275 -1.023370427737082 -2.531484622028272 -1.6588848005307004
327 0.5395890988341592 0.3339273990939319 1.5853820875026432 1.2164128574884554
328 2.3870827396665817 -1.439048817780928 -0.4802365121946993 -0.46322213844643867
329 -0.7765347657351911 -0.2515922346976953 -0.7325632650297536 -1.007875637680237
330 3.1117343933890824 -0.2976584556554267 -0.42375213668823997 -0.2791537431074895
331 1.2469562777942214 0.7706865686390401 -1.7101183091009327 -0.057839606915544683
332 -1.801650634886748 0.27895501372950127 0.0015595960058079061 -1.4505569459574734
333 1.0741812313992036 -2.30266590893412 -0.5898259481502707 -0.9637446897842112
334 0.3244417420442216 -0.06217037883361995 4.520083102697857 -1.713167008266229
335 -0.2820643872425602 -0.8655128612970029 -0.011025086115598604 1.7992726196846531
336 -0.3771680015890345 -0.11678630597748363 -1.3192703855162906 -1.1623755204331832
337 0.45271158869258143 -1.9369040293589164 -1.568697175399273 -1.8093122685983611
338 -0.16811934968475195 -0.8537611975125802 0.9028085911364513 1.3121428282959802
339 -1.8351223355893374 1.0576594313696421 3.165927619344932 1.2118573616909685
340 0.2396144940363738 0.8149202626160696 -1.4414070896262687 -0.29485935083309256
341 0.1923257059959569 1.2747800888870386 2.549182805098571 1.2957408521748845
342 2.306968569553664 1.8817809434004933 3.2462134816912145 4.8199941281808885
343 -1.0856365488022475 -0.1502059145996475 0.5707092294047642 0.018284861027173305
344 1.2053057507469003 0.47344445629947196 -0.7539140246410065 1.835934453564189
345 -0.7485389670125863 0.17186123096422673 1.5685933426839918 2.5413723715334853
346 2.35629528592885 0.680530330502619 1.605996581705885 1.2427816251622619
347 2.003364094872081 -1.373131680361508 -1.3082940097739408 0.3456181556172637
348 -0.18968904930891092 0.3278297851998232 -2.0064226594650667 2.2691930707155112
349 -0.770189787312676 -0.029483624382807605 1.34894493854652 0.5390397510513584
350 0.0557920927924303 -0.4965796002079252 -0.1386564657911844 0.6790675198608749
351 0.5543077171621533 -0.33343568116182776 1.4799291956977918 0.2419335252140521
352 -0.21414267579804813 -1.1766198739918337 -2.5520721215715856 -3.390357318655095
353 0.6888879375669249 1.2945356779406034 -0.09154842203898073 -0.2294838696841025
354 -1.0665932472718276 -1.134555637725167 0.7299127338571649 -0.9020657896872666
355 -0.44102162874723755 -0.05914467596724486 -1.716628987968706 0.7004843330728554
356 0.18820767209773634 -2.0909709639848937 -0.3184679397242415 0.4426637310618074
357 0.0800612043841743 -1.0222600914769333 1.2542316473483517 -1.5433262502506155
358 -0.5030296783726537 -0.5897654569051172 -1.182266706030154 -1.38488085921595
359 -0.8482963519054331 -0.5360115706274541 -1.256356477112176 -1.5716611151080184
360 -0.6362327280157727 -1.5952896210999135 0.03520921729768206 -1.1551636740982258
361 1.3099658689921925 -1.2194062018945697 -1.1974399857204117 -0.08328691380794456
362 1.3805297365637195 2.057414235573892 -0.8793187111596978 0.6981526062745449
363 -1.3751670005782466 0.17756221658039728 -0.4997015948634934 -0.06703511751818175
364 -1.4885891623691296 0.6635382554227852 -0.3173271054024359 0.7711677113706115
365 -3.6915710280686254 -1.8509169418544054 -0.9775685622697612 -0.6354261294711947
366 -1.3687936959181681 0.5989501146350074 1.2994285053761538 0.9600906779356538
367 0.3912740119639427 -0.389834267582113 0.24019035899686908 -2.1891423288341327
368 -1.651287448101167 -1.684981711935066 -0.5067045370091972 0.5948433388229067
369 -1.7440450603667739 -0.9724600095305357 1.0253953872793464 -1.3219563922609827
370 1.8761444696508045 1.4748533314549916 2.532939881454239 -1.1779794502428764
371 0.3968359484207604 -1.0761087401126228 -2.1847843852387623 1.449694649478594
372 -0.07180983690107845 -3.6572257765385734 -0.6060092823084999 1.0149572410571728
373 -0.48460157739665255 1.7191436502226733 2.0235722364656397 3.6725197107472107
374 -1.9108501567658318 2.548763720344139 2.038094789847437 2.7428094597951023
375 2.96922099380138 2.7371999179692783 2.3924944042392298 1.3023517652146257
376 -1.5702230294969637 -1.0513606378413725 -0.5116269556223996 0.4523461735033097
377 0.7522481750058754 -0.6485205386665909 2.7319000637060573 -1.8657161424156425
378 -1.451672955129999 -0.056493984552573706 0.3934193736043599 0.8860865228212429
379 -2.853482409556771 0.4808627769388747 -0.13276013952644733 0.9255618485111665
380 1.434081514044253 1.6487284355018323 1.943714849925719 -0.5985442596021731
381 -1.3905581914072174 0.6733079730100031 0.07720486819239669 0.3917289500602885
382 1.6317737382418405 0.006298693892059788 -0.48185064237182973 -0.3411703807550593
383 -1.6110673735338534 -1.712466253253544 1.494114443008089 -0.5730859166543306
384 -2.5037016738649958 0.6894113111162364 0.44335430689849775 0.8684636974259159
385 -1.1150422180976118 0.4214120449461991 0.8520476216203025 0.7677875501199292
386 -1.169415737114962 -0.8840292893730198 1.6609869256595253 0.48754666465949437
387 0.6040496230582566 0.6344072147254025 -0.7118272745919589 -0.2941962996031806
388 0.5029693531599775 1.8409889347090453 3.019722161781458 -1.0979270948489357
389 -2.3618305583714037 1.2203264122801882 1.8808982898557325 2.6178811463177434
390 -1.0619779461547658 0.9960043740992337 2.3335005732462752 -0.04791299112929337
391 0.5120804264128419 -1.1606710508363902 2.3471475135136246 -0.6062652147860561
392 2.1884254364888993 2.3178820333707724 -1.8344236557135134 -1.181730530321392
393 0.39535479153107367 -1.483797213110209 -1.3615244438388905 -2.9906150176014514
394 1.5250949412398123 -0.5707160595709917 0.19063633647319098 1.2846575729245713
395 0.7737476656691153 -1.1440165408196032 2.4550233000545325 -1.638512814457651
396 -0.232268708232647 -1.6781447261136238 0.12323530741327213 -1.9271573568416922
397 2.4606707632883325 3.5151519879961164 1.48549277006263 1.0828260786353847
398 -3.4782476767263617 -1.0378843473453547 -0.9212097694517687 0.1564748485767946
399 0.6001823100095758 0.34540939481696675 3.0097896463517664 0.1455643664462808
400 -0.24432052695396833 0.18255711856332946 -2.198324514941209 0.4389534106753652
401 0.7846337588733068 -1.527363560307185 0.024124898516632243 -0.0162267406739125
402 3.3074213746131567 2.066829143220904 0.9288118260857947 1.9699289858837095
403 0.7586930519491959 1.7732891271869249 -1.0292305249767049 -1.7565644732173151
404 -1.3286377257377542 -0.0754746708177979 -0.40148938412173696 -1.4245080659675238
405 2.555058177092993 0.4581551921926475 -2.1167684902632535 -0.7506227984776821
406 -1.2041049943246307 2.1066913875522593 2.031170008740334 0.6207588746812805
407 1.2770865438579877 0.6638597254389268 -1.3268776486835776 0.7117259983284386
408 -1.307094472580974 -1.2004626590035146 0.3658382789180902 -0.5191952799359553
409 0.6169950394488156 0.8250112941254177 -0.40143889859493553 -0.6804251147138032
410 0.5010028617028335 0.3888415181713868 -1.2415785941330364 -1.2557501391037316
411 -1.5419619314095003 -0.03771160012382002 1.442075253626902 -0.651776082888432
412 -0.33403214078215215 0.07866050798732178 -1.128713896171586 -1.1806937779637838
413 1.2862530707117363 1.8616768153549819 2.146440601977143 -0.6718542113253149
414 0.16587070782499724 -0.8578666903604288 1.3237149630057679 0.18452643410184247
415 -2.16927930515568 0.12614473129509118 -1.7827102080902275 1.3966833930668061
416 -1.2517345963090014 -1.4827553272939231 0.8157815043772869 -2.8247657233003607
417 -0.002484920398876489 -3.0084810804288944 -2.725277469051376 -0.240330155276231
418 -1.8350257563452455 0.6387036005917789 -1.4802772756374418 2.519432944199081
419 0.5187467077711001 -0.961392057278004 -0.2931782370675273 1.3344429686787258
420 0.6146754970349068 -0.8791614419950398 0.3652174519620283 -0.3074678398092844
421 -1.6487052773600874 -1.9120512874498812 0.20278326784375195 0.6315802191772475
422 -1.2573174089954746 -1.284597623541591 -0.5647087009714621 -0.13129348812899921
423 0.13415841243267135 1.2148946276872705 0.9806991700492265 1.0132161292819626
424 -1.6595890915498326 -3.879616386119409 -1.6836659472429094 0.17200514036769665
425 0.16310350660758186 -0.5741552325273047 -0.3943196113465225 0.8247148446351681
426 -0.04732171264714685 1.8669491933584115 1.5456630796559079 4.223112333552766
427 0.8219384446263638 -1.4748997052109187 0.03931505136438329 0.8834558184576826
428 1.6044990835287183 0.9971566753948189 -0.3967527324843393 2.4986337082025174
429 -2.477463346351489 0.6348915236555441 1.0962852263635452 -2.3716067932903044
430 -0.37481367625180406 -1.3184046827206644 -2.1917304623883354 0.534829373451331
431 -1.3879298700189175 1.2982044771833725 1.3919717231237394 0.8216878691970615
432 -0.715969125274557 -1.37601731985785 -1.5294640762644636 -1.725501478957021
433 0.08866762947828988 0.2901502148573913 1.9419533378557592 -0.28454242768100035
434 0.0553157463719226 -1.2521053305382692 -1.9107129121985207 0.9072796517016544
435 1.3601527893578247 2.5242378546524624 1.5386003293860537 2.141403614775193
436 1.917277270549363 -0.02499360873725545 -0.38117874072706104 -2.958194747136252
437 2.049711391173063 1.5021848328941925 1.8729779092114918 0.6324438132309679
438 -0.026416504166225208 -0.292187266730384 -2.7007984586099956 2.121966734408959
439 1.235615786718289 1.9666782066230117 2.667675064698579 -1.7005416594586604
440 0.29274426766576894 1.1553417712914378 0.5624052530002402 -0.7182865811989907
441 -1.2723829478092608 0.037102415814151746 -1.912798915738811 -0.14910063293498127
442 -0.9890933391860368 -2.1962818473958694 1.2592762804301099 -0.5174273297247387
443 -0.5561383623077218 -0.890714955842866 -0.014309309433037667 -3.1526246073385584
444 -1.2728328823515396 -4.139826738384859 -3.0560184014367264 -4.097238798267319
445 1.3523104301042244 1.0164354514257656 1.7565825284788121 -0.7363194034853618
446 1.913289947641105 1.9157668734014401 -1.7139215274684574 4.63584494126828
447 0.936101953343956 -0.9543688089956399 0.44224940861603623 3.2603984085584563
448 0.21073265157009202 -0.8437986429584274 0.39316011654495564 0.29465484669740777
449 -0.16600749674350151 0.7630795550951276 0.11493496039761453 1.3457577363515327
450 2.5640707328318184 0.40796850406995266 -1.3539513456455867 1.118931470731999
451 -2.294121828588973 1.0991099024692104 1.1781445666094448 1.3374723500673427
452 -1.3480529797515222 -1.9029932049371656 -1.986066988704884 -0.7653952606158752
453 3.447357951369855 1.695637937323621 -1.2976805025950244 -0.9271613376790089
454 0.7151830872148907 -0.025452114572840134 -0.8890051075671996 1.6655257363423095
455 1.4197246623960116 -1.6742523950905768 0.4377318869479303 -0.582467121389737
456 0.2936251545806805 2.675933479696189 -0.23994412514509778 1.673569020071309
457 -5.822666841252494 -4.07687031650758 0.0726864644638282 -0.6268925404907146
458 0.039835937664189996 -0.9148303101327122 -0.8451171885516263 1.1581810796456364
459 0.9148430143255131 1.7504831350286412 2.7832396220279763 1.220017850503592
460 -0.9621683358976787 -2.6167311664121256 0.27992387322386914 -2.2157241312424327
461 2.550037718349736 -0.6241968598434696 4.178719906135025 2.2748334721556853
462 0.33165007971684485 -2.391578445429441 -0.5465485024874221 0.33014929549116223
463 -0.021010527517632382 -0.7086173768263475 1.3890222786379738 -0.6481304347451396
464 3.412321187062485 1.4423717919991532 2.392800592374686 0.9334309621115723
465 1.3820450532750073 0.08788384565914964 0.6375693580433073 2.3749040019765455
466 -0.6445404265581869 0.2741632439949865 1.8858859895104794 0.27529779456020625
467 -1.9197321931498128 0.7937674794702854 0.9008109260423349 0.04599377729408427
468 -0.35261506206781057 0.9372841303401082 -0.23363660000931274 2.8959500829588842
469 -0.5008391086125135 0.34747106227740077 1.3333478861793884 -0.15165273821913094
470 2.6187790056825913 1.9875188612485486 0.394660766815676 2.0735750974743157
471 -0.8955306482870581 1.6652847137571443 2.813575083494321 -0.05340113340174002
472 0.32788371225859425 3.332838162293623 0.45002168701411743 0.07695561693873396
473 -0.4191366454835366 -4.219978438628498 -4.333698061058076 0.468624729424413
474 -1.2676250801507827 0.27851486179547436 1.1018399389895648 -0.48687333598553195
475 -0.8168179655910386 -1.788234280129162 -2.49474223152084 -0.5388559463154233
476 -1.2271891500768626 0.32587206945316927 -0.3395734599670158 0.08271685236801418
477 -2.613375710965098 -0.6648785011683973 0.07232553181159629 0.16580923354964905
478 1.172981263739613 2.3254595285168698 2.094191773199872 -0.5781984068718153
479 -2.9844175181430703 -0.3570006555955172 0.07083360812942296 -2.6360561732505836
480 -0.6618988739284006 -0.21952590820135787 0.594625881631376 0.43592716576556645
481 -1.3494369127790182 0.6796398834332011 2.8760673955067038 1.6453430108899592
482 -1.736490540472356 0.5624513322320511 0.05874116224107129 1.0144159186639272
483 -2.161134475038521 0.601533816752894 -0.20247789843997055 -1.0992931116240776
484 0.5167633718356353 -2.189151733495767 0.9964878038621696 -3.3813833425137525
485 -0.5036949244680919 -0.4464632496398113 1.4742655462344278 0.10955310324558143
486 0.4431466705373135 2.266301500395353 -0.7812362624238687 2.77951328179061
487 -3.034084881088304 0.9359997842208019 2.1888198052466583 -1.88161353191779
488 -2.1311181448007486 2.3308893355405793 0.6605801756986126 -1.2963481644869201
489 1.6109092188590135 -0.3236326054172828 -0.3293582810136628 -0.806129782076634
490 -0.3736615146240607 0.4034617981888687 -0.19554665989084496 0.3742401793783942
491 1.0075014103120095 0.21770290265831438 0.9618682601294415 -0.24307817400538478
492 0.7677640530676851 1.3557163986839322 0.12702803411082636 0.615751820331245
493 -0.10863920787626724 -0.4996683705473226 1.4269346688972164 -1.3723220648954686
494 0.8553369545214239 0.07509458259956092 8.12149046759969e-05 -1.117646951965151
495 1.5907262691533715 0.7713944825588304 -0.2605511372922838 -0.24794765919937722
496 0.9161173840259801 1.032982963244021 -1.31787017531168 -0.07899047240857215
497 0.3892081229557859 0.7792977401015473 2.1367455586793556 2.3026328876686324
498 2.5821153764918803 1.2723627772631518 -0.43431550425532683 1.857347976288339
499 1.2184006850000262 1.3535314583956035 -1.4756025104242991 3.610832373597919
500 0.9187429238870668 -0.17950138567461815 0.44633872741868297 2.3495827992794824
501 -0.0450173159423814 -0.418679544744888 0.6609575900423881 1.7119785305553745
502 0.27484864891409416 0.7262082825032442 -0.8968376599999677 -3.4212325790032816
503 3.7223026048402144 3.5954104551012156 2.2802184984942864 1.0154193377704868
504 2.096047972941891 -0.662084373369005 -1.3853663759646482 -0.3648165044031677
505 0.2916663260525428 -0.8667321389657693 -1.8135498025370427 -0.6582647149893139
506 0.6785975741470252 1.4252506495498651 0.694125995064505 0.31210229439111536
507 0.7793786255996968 0.746769787295903 0.7060586639239057 1.744815733919963
508 -2.9334198068409907 -1.2852690660351407 -2.9483253498191324 -3.6143852809935977
509 1.1760635447877683 1.5530589056298012 1.1840268346229035 -0.19574951700325705
510 -3.0780129012187385 1.6390701301332866 -0.7971587593188162 -0.3720813880148637
511 1.335100373514889 1.9634668524124108 1.0720231083877316 1.0676695711701534
512 -0.3527222413686041 1.1241209012274263 0.5568559838041997 0.06747886225431754
513 -0.8265483086248167 -0.5415142649330612 -0.06530325017677496 1.555340288503915
514 0.19500740284620743 -1.7935141860642148 1.909318258700444 -0.21956500242869914
515 -0.25250084292126307 -0.6136363862336982 -0.0950759346075847 0.44416278121973807
516 -1.1774733574323104 2.034774017966118 -1.48015905817609 0.35733799572280356
517 -1.5994871071358845 -0.2064957393281428 1.1661836540614616 -2.229267357289956
518 -0.07454169229710202 -1.3520397011293588 0.16625578450376954 1.05701212838506
519 -0.6013142669883774 0.20735128689119503 -1.4182868226150496 0.3163684227604529
520 0.3199429041627992 -0.7604084664057478 0.3619509503318799 -0.9740492586167948
521 0.3963852116268711 1.4224230621749836 -0.38020967744212614 3.5960357384256336
522 1.224904035412266 0.5459394310970654 1.5608107150756687 -2.109369645330684
523 2.115707414593622 2.0259671992296138 -0.26440198908132306 1.0080394748829362
524 0.7209350561117802 1.4227031248859774 -0.2882468517064537 1.0578336155874117
525 -0.21572593346838603 0.42374288509254343 -2.090515272519636 2.163912173857183
526 0.6592492133247673 1.5510714544913962 1.0242951062492214 1.868845795936668
527 0.8726373169765589 0.23318820559431608 0.805959703591905 -0.13938234338210406
528 0.07049460700420185 -1.7374039002624013 -0.5661959932490479 -3.83913848050097
529 -1.1779343030972762 2.0010920452702163 2.8591423885061835 -1.3395615957724842
530 2.353437456046115 0.8181862669375386 1.2170670055451622 0.9500698540083664
531 0.20039262855929013 0.7868823012650241 -1.5448075761950846 -1.0811625053979188
532 1.7848818969336957 0.29814308192523153 -0.8259211427509412 2.6805684992884284
533 0.24903106507435038 -1.1378504436970927 -1.000418460198976 1.7609452901908376
534 -0.007534470214509648 1.1340870668381 0.08758545643485866 -1.049849875502216
535 1.163995829060509 1.4758828302419282 -0.9717293582909967 -1.0703195073555105
536 -1.2718421250408585 0.4572104314387875 -0.9113249577951623 0.17189531432606067
537 -0.3923760863702724 0.2789952468630834 0.3157633546380456 -1.8206275206204756
538 -0.6878698722000894 0.4156273497178174 1.4229154375448756 0.05385048683101201
539 -1.540906145416715 -1.0490514361065575 -1.3697410776818044 -0.7981170558630561
540 -0.15859388979904684 -0.526790028061852 -0.13937847111732243 -2.0615817129453307
541 -0.6806253904110766 2.1617342084923212 -0.28280376741105706 -1.325757384773925
542 1.1066752758079703 2.615102939820683 2.9886266835970687 -0.439907124107608
543 -1.3781459474264217 -0.8087398356664868 3.0238840830909686 0.20358496721725813
544 1.629090707076617 2.2813764942011896 0.6586070411370317 0.9487201717161746
545 -0.7981204015251876 0.07767092843038803 -3.0785006828694486 1.4971074633376529
546 1.086403466600966 -0.36846009882635833 -0.3188683490598101 -0.7087263457649211
547 1.1774449360277186 0.2877662364954623 -0.3106609988709065 -2.2017186316197304
548 -1.5172923616414917 -1.083304756799199 -1.567785326909395 -0.5665052884290424
549 -0.04192347016906363 0.12448080029761033 -0.9371490303532781 -1.5236020895612696
550 2.321377094159621 0.6652913504503487 1.1807993594795354 -0.041539393038796724
551 -0.7906144046432252 -1.1916809669729824 -4.224070671139619 -0.2429054506970147
552 -0.21498576936527966 -0.8629032219092456 0.7388748564756115 -0.521707643010888
553 0.32398602376521657 1.6762978809457545 1.7050842465752207 0.779198808080662
554 1.2863295142305722 0.23391332163688872 -1.7378184265739605 1.6439160349099737
555 -0.30247166711166185 -0.657120383122217 -0.78954462247332 -2.441494738429518
556 2.218893711499366 0.15161456954344232 3.591393410662117 0.011185737925144101
557 1.151753183540539 -0.07866016360044062 -2.600414371421811 -0.13581366305761744
558 1.404940564304453 0.3788211894815836 0.4796398612879067 -1.0168823278937125
559 0.147188303586692 -0.027036290636198612 -0.6316671431006273 1.1018486842185993
560 -0.29666013138873315 -1.0135961190689842 0.675555068315133 1.6849666528470846
561 1.6502978114408995 0.08032665278896023 -0.10629327741762504 2.017748982664753
562 -0.131537974831841 -1.6022084762792403 -0.37619614306688665 -2.431453531328977
563 -0.2855436079770941 0.9281818870666314 -0.946752730196547 1.0552886649558058
564 2.88781535730419 0.9286681689947931 -1.9731828542540821 1.3658717889717837
565 0.5978220044377721 2.0448767415789924 0.5156132115523527 0.11741114891417032
566 -0.4613158888513597 -1.3511803669365756 -5.112330354505015 -0.28954294154488114
567 -0.1659011816812735 -1.8857833543127258 1.230221938833159 -1.30307121384527
568 1.388410200374176 -2.1493741171004066 -2.429936432104568 -0.6112120161500254
569 2.679592975359305 1.6275108862203047 -1.1733858892880997 1.298310439205832
570 2.109018036582438 -1.7412417298574232 1.3457949137064165 -2.3978583461507235
571 -0.040439422582480684 -0.3828659741715775 -1.957551680623658 -1.5481467256256218
572 -0.016077285302939615 1.055823155216164 0.08449660699175854 -1.8036557958697914
573 0.7578847540662288 0.7453609983183445 -1.1311957825713441 1.0627932568152199
574 -0.8452185908253279 1.0823776524252164 -0.6361529074961941 1.1181109216045946
575 -1.3214342954962897 -1.1422012725614883 -1.6288307768106494 1.0324633880694003
576 -0.0008012132842855069 2.7679797581240737 0.8023412707721078 0.35070770517364047
577 0.8597669900020394 0.9723175672751624 1.0003592773359915 -2.36348966170336
578 -0.17699460970398245 -1.7980645734692622 -0.680463229280699 -1.064102798313093
579 1.1007129046702333 3.2088510259468035 1.642112648534488 1.5827294649296026
580 2.748978533970334 1.0606612888293494 -0.21097147253859325 1.3522007748401057
581 0.38934747554797433 0.8256956710259538 -0.6770581115450865 -1.3555949009585861
582 0.13928118390834254 1.9589683621483216 -0.26490514199345294 0.6867358302587286
583 -0.5402504706335407 -1.7037583031424695 -0.4432154366563435 0.639744619825682
584 -0.6220936051998884 0.2985497788677889 -1.3049257384766164 0.7872049356729962
585 0.379881349232853 -1.0743908630384396 0.8140251354088255 -1.761609031478511
586 -0.45166947283227504 0.2902272276910596 0.07520361551699428 -0.32159766784115545
587 -3.8288806638637807 -3.4361864821420376 -1.96816033114778 -0.7687265139564252
588 -1.222170690602608 -0.9037891239050371 -0.47081220737529184 -1.3616125087185784
589 1.0064245282612552 -0.5178034759543118 1.4132864562890828 -0.1970208212465594
590 -1.2763996556397215 0.9983958057117177 0.8208657078160363 0.17685192658335958
591 -0.9354509742323075 -1.671216846923283 -1.059947436766032 1.7685511760006323
592 -1.387734085661925 -2.0974754725797995 -1.1333532252466818 1.647373645471895
593 -0.7341268823816209 -0.6814668422751736 -1.8716846667206442 1.329979317706409
594 2.4499139879863145 -2.549583457473304 0.22409665922783953 0.03294040953517963
595 1.802990228615257 -0.011498357110214519 1.6339472511175093 3.1634305483239658
596 -0.9100670853888716 -1.3571507407078327 -0.8227376475209548 -0.4271101007594422
597 -0.3086860935034964 0.4366736495248462 -1.750022555479723 -0.17321287425390514
598 -0.011574066166191277 2.357279952483993 -0.5807915520215272 -0.7322996072443919
599 0.023734485189132126 -1.5786119913715664 0.9259880206742155 -0.6251347622981572
600 -2.3479527175554527 -0.9268776882079646 -0.14441693736850114 0.2741088653145207
601 0.8876961475379981 -2.2197369652064354 -0.5870995761655959 -0.6691522938162886
602 -1.2620583441181674 0.11432956241749387 0.17468870392284608 1.812794676121265
603 0.43587527884022803 -1.0594826986269874 1.0563140944965013 -1.142664620278008
604 0.7192915632859452 0.4031333664513923 -0.5640670102978891 -1.3634341025430727
605 2.7989451967356684 1.0598003828471079 1.312233873387814 0.7221636577518818
606 -0.4119077418913965 0.6725703707556091 -0.2019961731078862 0.8757380106547794
607 0.9067905782571377 1.7398971457043662 1.0723114999061132 0.7076634272050889
608 -0.7224590273598959 0.591897330589912 -1.5806027570662573 -2.4186115741388843
609 0.2863487766914081 0.6575989665358853 1.4299613476727906 1.0759938633539727
610 -1.1583884063050776 -1.2305621451198363 -1.6207256673652877 1.7996851461338172
611 -0.6984978927510495 -0.43756728723061944 -2.512210516314706 -0.32021370791252346
612 -0.18589706699570205 0.7737051674957576 1.2580895817750801 -3.1121291276025653
613 -0.23088521289683495 -1.3340255448306728 -1.086632457026865 -3.0122773308486153
614 0.7612322309330745 0.37706372132405264 -0.9275150748457899 1.4973025749191011
615 -0.3803313425700946 0.22075398698616033 1.610469708601206 -0.6958434507416171
616 2.370800309361785 -0.30104502306869985 -0.32549026933052627 0.35742291164893125
617 -0.07493396358685489 2.061640905937184 2.3302216072435673 -0.15704790771230293
618 -0.34210580984492894 1.6065867850712823 1.9752436971090463 1.9747518775257822
619 -0.17861083938548783 -0.046719101998668466 -0.07317816806271449 -2.2340570218326397
620 -1.8519308062277628 -2.4740956859439907 -1.7531329824823974 0.9191565330682698
621 -0.26915795562899775 -2.5917830047380153 0.8647415984152883 -0.11503425410047663
622 0.3654287891203386 -0.06239411116547417 0.7880103053267573 1.8462901207993174
623 -0.492800286731875 0.6225557932198307 0.034616368042308165 -1.5350547525781428
624 2.136458681623001 0.6014900250210535 -0.0011606954585425822 0.9580375586114065
625 -1.1395904522224736 -0.7685889726290772 1.4791073048524885 -2.1341860547475036
626 -1.2182703552839387 -0.6812590330552208 0.22696485658000334 -1.8223223003358857
627 -0.877259182718684 -0.011150265657346836 0.5634299665381974 -0.54331682558753
628 0.32202070248511117 0.10358615837421944 -1.7606824481687995 0.4647703507306465
629 1.2160515940159484 2.210511109242284 -0.39382131002791243 -0.055042771113475775
630 2.7423679169731 2.319528571822339 0.352615765913882 1.727646672691737
631 0.28851603655513736 -1.0595652219275549 -3.9931225279161637 1.7074607515271132
632 -0.22137743992855663 -0.5350634207892557 -0.702232984308544 0.5192332994713611
633 0.5288146160949841 -0.36833424180459207 -0.10385154760458137 -1.752675524983817
634 0.43986295031912437 0.060442366477027026 0.8832036834684776 -1.524270773231029
635 -0.3262628596432038 -1.2437308239231921 1.4912328881440826 -0.2259911295109896
636 -0.730401301182419 0.23911303485986624 1.7793300702879709 -1.254026050603674
637 -0.6633590873005879 -0.5803227520901394 -1.3120266305165718 0.6806997237215459
638 -0.26844428863908565 0.9836720707954074 0.5954639143853837 0.09695206072953688
639 -0.6015673821649186 1.2375011403029985 2.2264310915458587 2.360720399223648
640 -0.18973573834391577 2.9971476488983786 3.0495783618906165 2.2610601058125654
641 -0.11922802326630855 0.781078478388109 2.755330920969829 1.044738290839337
642 -0.29405728023454175 1.5946420193348747 -1.077047996708043 -1.3621952945283868
643 -1.378883136453418 -0.8956808658889419 -0.8392148029778739 0.9685599963704808
644 0.9427857117899173 0.4062033836402316 1.0880552451463972 0.9048346664016755
645 0.7387291059159983 1.0941503159860453 0.7923177503978575 2.5790122234926387
646 -0.8913512735462126 0.878786475088538 -1.1443835521849754 -0.09271208481356608
647 0.08611588939523762 -1.8424611645394664 -0.4976459492679991 -1.460033603023276
648 1.978604568243063 2.2641960487297754 2.6631818383302104 -0.03191894143177387
649 0.8890222349317407 -0.4444180044260533 -0.020199762127794396 -1.224762637797119
650 1.223027680393463 1.997447652127987 -0.3712509265019935 -1.1761227998068535
651 -0.553184629794929 -2.6294667924639894 -2.526719815530124 -3.0494532689353457
652 0.765614471768757 1.1999404491567256 1.6778841586339954 2.596415612434637
653 -0.09633230290763528 -1.2073006129301294 0.8239388357594376 -1.4250169057189022
654 1.284249516559945 1.1559627747982264 1.6848105185231197 -1.798667912208228
655 -1.6021061815736792 -1.3408762399153802 -0.6813539311766 -0.7399924072883411
656 -0.7698706054482831 -1.262189485855614 0.03743307538916296 0.2820931640318175
657 -1.6367902730595731 -1.2079370180734068 -0.10688233065248376 -2.777006986813996
658 -2.470502791214943 -2.2352624855441006 -1.5750759889194808 -1.8788006965988386
659 -0.6430882190482671 -0.9036156635985048 0.005354152795841727 -2.1288204797274175
660 -1.4389488405372568 1.2099618485523174 -1.0679508682019703 -3.117486053678548
661 -0.33856300873210676 1.5376970491584552 0.25569159024821 -0.5809199083137084
662 0.26879448182068133 -1.785834886112125 -1.3786274481256497 -0.20592688420156563
663 -1.963105985115252 2.6343335629493234 2.344884227266577 1.7678479172103798
664 -0.43583429550053154 2.160886974203811 -0.5730888530411895 1.5708717701544195
665 0.8321980283086798 1.3051975690931883 0.8902089083689575 1.2788127255973991
666 -1.4734025367625905 -0.2075046101251642 0.9334191634212241 2.373275921522576
667 2.3417630576580475 0.6845372182161054 2.607127978915042 0.13190343810212374
668 -0.4355094059022183 -1.2730236552796814 -0.34016837810039335 -0.5522725104911934
669 -3.08183518156574 -2.9883280179783984 -1.7586700702945035 -0.778762754307734
670 1.100258489000378 1.2981345873747638 -1.8879211880687845 0.5753649655593227
671 -1.060002684096104 -1.506145607277041 -4.009609037072224 0.44330275415815634
672 -1.582063113195384 0.42713691499516365 0.6584902906800533 -1.2275183678107133
673 -1.7744447667556802 0.556634261675892 1.0363860580041688 3.120407745301084
674 -1.6989704710119469 -0.8185049643308508 0.731095438154358 -0.8053339538393152
675 1.2483022353245143 0.4167508089476342 0.9706198837282942 -1.896155177281386
676 1.0795467823366116 0.8761051679616924 0.33202471915010484 0.49562640613091674
677 2.2889931274298227 -0.40099098268390965 -1.2119068302670248 -0.7508783695787933
678 1.489171888477454 1.706518870257784 0.03094084754931739 -0.18440893462699837
679 1.039413216264266 0.44988243952344 0.7324002990932237 -0.7280630291472796
680 -0.09673154957912702 -0.1854022179165971 0.6321501151040264 0.38691733012373497
681 0.8006199104846063 -0.3289870143726964 1.4772564986708285 -0.6876773304510422
682 -0.40137940485499524 -1.6272635670617186 -2.0010749831040315 -0.7792153020002666
683 -0.12487176498908509 -0.9403793879872753 -1.146782637478955 -1.1874570469146248
684 -2.598245360532749 -1.564049912158971 -1.4240697177796733 -1.4102738389456417
685 1.4177353224033555 1.1910327504547922 -1.7603793903759004 -0.8129894165756988
686 2.115786625331188 -2.499955376938631 -1.303984866163458 -0.03614716135957452
687 -1.821544538360056 -0.9342932093303788 -1.1108733637432306 2.105471953608822
688 1.539518499537484 0.4884299596042433 -2.115030334500268 0.9855403826954885
689 -0.2779595601806354 1.0121115080663852 2.5044355920658177 0.035971976003095874
690 0.11264350628513958 -1.306287444905784 -0.06521010917595155 -1.4050777345749217
691 0.17702622238346932 2.316415512583121 1.0513247731096553 1.230658551729432
692 2.5881907608788994 -2.1827630818922064 -0.16487509426013974 -0.5952496654935272
693 -1.4563879819861048 -0.7002633501750508 -0.26646002461906926 1.0545142555415161
694 -1.2535048541438236 -0.905487245590643 1.9659245978832462 -1.8833283925132642
695 0.14221951184528514 1.0545931716269135 0.49716394447207435 -0.042582360946840536
696 -0.6711614255695969 -1.3160186291203282 -0.340842539514038 -0.905158562829677
697 0.4206279533702604 -0.2772577054800729 0.9511874262447473 0.002036934548286018
698 -0.10168200513854875 1.281925013733956 3.6120640690637575 2.6096615375357683
699 -0.7870092988383609 0.6680382616099443 1.4276309493182266 1.0738256246857603
700 -1.8451939857860782 0.766947230553249 0.2825019465271538 -1.9927404023150914
701 -0.8777915716941715 -0.44686755529643984 0.8126792099068139 -2.0665978885191227e-05
702 1.3903467637811868 0.7517431258009942 -0.025413014490070912 -1.686227707683316
703 0.40764874675366125 -0.3363549271298507 -0.5232737019203164 -0.37164613989930895
704 -0.7971873710379712 -2.2556293961894784 -0.07296286648414277 -0.11712324873802225
705 -0.5579804260901332 1.1394134245616094 -0.5637963872234862 -1.4847919770799876
706 1.2569273472988334 1.5205146234038065 -0.4605511195558895 0.9793107071984785
707 -0.20304069598347255 -1.231709411189601 -0.019733536167005128 -0.7016571036975536
708 -0.9854526572459142 0.40041203940276415 -1.5275460848465512 -2.3183247573452723
709 -0.04601508368694096 0.8083202336174472 0.4288164903472743 0.06649596860624095
710 -0.21752540127297632 -0.43243540019467086 -0.19085840714494873 0.63306609451266
711 0.5899637764215626 -0.40530204894447464 -0.5965231086895793 0.37993221987729414
712 0.6847949246992584 -1.2125292879654999 -0.16861120035573157 -2.956411065271678
713 -2.6418123385954946 -1.3123319284443975 -2.9115039153554534 -2.9261249157754206
714 2.639090945661232 0.843020368786328 -0.3034225766450756 -0.4160475047059268
715 1.094872272186621 0.13527843790592076 1.2141969624285989 0.9978678897764864
716 -1.4296990917697736 -0.10530159983125767 1.1082858213371596 -0.6556256828239616
717 -1.6797664163353208 -2.56585411769174 -2.7756358413881106 -1.4472570356388788
718 -0.8779236397807674 -1.303771739353178 -1.384897448304764 -1.4536184577702236
719 2.275636433399935 -2.7238370906873373 -1.1295167387048188 -0.8598683092862809
720 0.4281123739346082 2.4026859458099303 -2.3380436029905605 -1.8374475374384476
721 0.868625090524066 0.8642499638900882 -2.458000387577469 1.1213437219910638
722 0.17265964931874306 1.1315576900223532 1.6988975294983886 -2.387005243772438
723 -0.36022009498236596 -1.108459063705308 -0.7648707134904684 -2.0484035876699336
724 0.011731765097488023 -1.6228987931128178 -1.1637513557326962 0.6408031666466286
725 -2.203533710723306 -0.24778989439234334 -0.9735290707458351 2.9366021002074962
726 2.655697804148338 2.071490682275462 1.098494271590337 0.2301507384416171
727 -2.013523701491844 -0.08136623939666476 -0.7015373441782157 -0.08077910191107485
728 0.2970174472625968 -1.5480631186596434 -1.2362712221667103 -1.3470324446879407
729 0.10449045991663261 -1.349444730174857 0.48124093159987535 0.6398970132912896
730 -1.8989718768360668 -1.5484420688003202 1.3572899578504851 -1.0464707402551394
731 -1.1294450397365468 0.5093360251986085 1.6991225310410307 -0.1823098330674229
732 2.174120532028603 1.5188808193266161 -1.0543025560505672 0.48819572772046993
733 0.11174871371022266 -0.3541904662419254 -0.3268134258085576 0.40125268408737846
734 -0.8908987072900068 -1.9827220521996791 -2.7636513332161154 -0.4491599230077013
735 1.5972113001229733 0.7755520213436334 -0.9845377396584352 0.01330085676922399
736 -1.1044278033273272 0.5340933634985995 -0.6427181680221337 0.5627989940362035
737 -1.0712330633625962 0.3238897917308111 0.7635759802170834 0.6785845672881627
738 -1.7365078282690378 1.5181700801489888 3.63061308865586 -0.48352701746131715
739 -0.5574657282321778 0.6039641753680252 -1.917348235149508 -1.3898460898224387
740 4.011756741718877 1.5972873988631668 -0.703640809291965 3.2220819400478096
741 1.5354592127769289 3.0626985277456216 0.9169280414589287 1.5437443096631203
742 1.0540860715281386 2.6503058489305378 0.7334034036809173 -0.15368584698711396
743 0.06281383698496856 -0.6313838687784442 0.4293535776822559 -0.5019711018111837
744 3.0151415710445946 -0.3888288766469286 -0.10997896577626554 -0.8740920538711008
745 1.9547735761537843 0.8667382651554274 -0.2498618967054987 -1.0186433842905531
746 0.08405220607924635 -0.6556845984675695 1.5785127755312274 -1.7935160287766667
747 -0.4027388712405564 -0.48522080901906856 0.22641056214447441 -1.1589466056009623
748 0.3498531468134094 0.5570069817480232 2.0589233133366314 -1.785907338825715
749 0.07551248710340404 -1.363457434890014 -0.9485286566733068 -0.48374891005718146
750 1.615707505536205 -0.26204189319123694 1.051519257675544 -1.2314982597449464
751 -2.740746269032595 0.28230083804556444 0.14428144745019744 1.8781988324918129
752 0.055323160668979465 2.744308336940713 -1.9333640755948975 0.7968176085720794
753 1.9299636722532487 1.1478519073868816 -0.5453280535007025 1.3582629606076209
754 -0.628190615993013 1.007589563530722 -1.4120160098937522 2.363582701005892
755 -0.9552965626600339 -2.987308903711689 -0.8744331585629466 -0.33427418948834364
756 -1.2074215420620038 -2.4294079132417066 -1.5158109920056448 -0.8085576708685522
757 1.593627269476446 -0.1875042382805755 -0.5884858133966993 -0.20468906151177407
758 4.71064816694234 1.5646004548931942 2.38676870334382 -0.6302391975902705
759 -1.5263470086635607 -0.6211878608895598 -0.9864414277387219 -3.146190171824691
760 1.1825859953719435 0.7233931733654152 1.298938065544287 -0.9671819490621077
761 0.8394140608646646 0.9042226626228219 1.1561658476665806 0.939107477165684
762 -1.4626328300309734 0.08639125650720675 -2.688335042252137 2.096808782249615
763 0.6534745442981595 0.09671338259640577 0.755385584796842 -1.868767127880353
764 1.7348898132864927 -3.025570186093715 0.5849876824136238 -1.9327474925177486
765 2.599698725855907 -0.006385762147018359 0.10416321316906463 -1.5152351110418822
766 0.04511206915999044 -1.21829681799829 -1.8951776304849917 -2.0851046936757434
767 0.6514632480222169 0.4968887661935383 2.551139264219528 2.053261910231049
768 -2.3210268762202957 -2.934104653626296 0.2931827991690201 0.09821763824018148
769 -1.6070950332003375 -0.9285643149074753 -0.9410882420723585 -0.005495142299372424
770 -1.3978994713995319 -1.5871674762593992 -0.876812454116835 -1.5313755254628174
771 0.20610267226857037 1.3760100158632698 0.45325049901330794 1.705948581183142
772 0.5251877094801254 -0.44615895445327514 -1.6025989679006367 -0.16911883642947823
773 -1.3180584878475081 -0.6201067208769128 0.08795056535778445 2.3863960716991715
774 -0.06370955562272856 -0.4167106877780216 -0.8809171964986371 1.6660830983611497
775 -1.066812175436761 -2.4901522899016 -2.22479967113964 -2.7857449074308627
776 -0.220837602783523 -2.15690082936557 0.016451308394727693 -1.1028017570487092
777 -1.3043107923753379 0.2256456343453188 -1.358648126842648 -1.6950783058084316
778 0.587752109090931 1.675637488135803 2.0952719376459936 -0.028064525670774998
779 0.6256935114913091 0.0833107908457782 -1.427616653582666 -0.05265851593765375
780 -4.27503425432956 -5.5365010950262885 -2.46283593697158 -4.147790365128089
781 1.0732142693567082 -0.7786455675844657 1.5046769535783757 1.0119165736555689
782 -1.0582556856311305 -1.0660310418707346 0.696708813594917 0.14551060005536914
783 -1.690510850071601 -0.6723262805187346 -3.5512698664261566 -1.9056611038336548
784 -2.4523226354193564 -5.158720672466872 0.024562709472227162 -3.5348124188107604
785 -1.3147164692893145 -2.4858341822468306 1.909193583002614 -2.1894916489950003
786 -1.9696009596471944 1.4419618161153407 -0.2420718737701352 3.1784195890782105
787 0.21951804940231356 0.2224515758476543 1.9416060010936436 -1.7247713698641607
788 -1.1529959742900553 -0.8272922752636789 -0.9416083319423503 -2.399295323654687
789 -0.19480244294917975 -0.4524930285842849 -2.4483852097968404 -1.5787135465967053
790 -0.3809180701369852 -0.40902366601292783 0.03189950798494981 0.48749526200127813
791 -3.42514586392481 -2.6696604161272655 1.1506556536185968 1.4864146784103902
792 2.0585312828040703 1.8760458198516554 0.3972307097759702 2.153110461655326
793 -0.8284931849294275 -2.081138964079489 1.6992411655540183 -0.6095887918035613
794 0.1451377782641048 -1.1044211752957065 -2.774501068685469 -0.6478861465753171
795 2.6068051731427873 0.9128000246608181 -0.919709078562321 -0.46162295246615204
796 1.20282154245148 1.101820011683893 -0.44081007911001663 1.7777754205516785
797 1.3447482681962322 -1.0129415234803378 1.995485559535329 -1.6388971147524845
798 -0.6344233801741419 -2.1032915764051094 -2.3755586614763047 -0.2634091808951022
799 -0.9428940782857927 -2.3050382322586245 -2.0356446254110088 -3.5271993657059832
800 1.1868583281754397 2.352799671234938 -0.32672944291583317 2.564912963958802
801 -0.22675819971249866 -1.5183879319994582 1.3465609964918452 -2.0287797072745852
802 0.0803804389712151 0.2771726812860029 -1.7729417425811391 -1.101361986443947
803 -0.46328615698807696 -0.5007971786396995 -0.9326555663573708 -2.5678311036119035
804 0.27664554629283444 1.7556556385201132 0.46782998293381106 2.0564998062144473
805 0.4815509105691773 -2.1578860775001862 -2.4115119310166317 -1.6357722286439047
806 -1.1662950402284573 -1.9156747701482233 -1.8255740586106755 2.2670656910905067
807 1.260988389754831 2.5078481168871147 -0.6205647966203249 -0.7707784778146722
808 0.37007629020272664 -0.6114631099929368 1.543077451664446 2.0746315808036897
809 1.5861235076891376 1.0213623157420775 -0.3301937360753231 0.4252775715005395
810 0.15294732248877962 -1.2144665954433016 0.713507639135189 -0.7146458166570251
811 -2.5951538887492362 0.2764234777761606 -1.5565652785792023 1.5275576871038612
812 0.04308082939381386 -0.8804713421570948 -0.31671649167904503 -0.07053912330892967
813 0.7146351083646878 -2.0951534030849928 -0.9630356086075713 1.137224465816423
814 -1.2555741159662226 0.8643012859949206 0.6757250802429988 0.7349723663377195
815 -1.4912404508944603 -0.9737234188328006 0.16263305522272065 -0.8451677927502063
816 -4.242642367461171 -0.4877125867915354 1.0178691460150038 0.35196861713157135
817 -1.5526349114160776 -0.5765737757561239 -0.444913163671502 0.6882720543481219
818 4.315328218157087 0.4989134281731107 -1.0447555888015083 0.46575930650262787
819 -2.9794114644708656 -0.45811181712241206 -0.2646495944606566 -1.4873765823625595
820 1.196312413354182 1.567233065293451 0.12420745492424706 -0.10967774000688975
821 0.3697537167312305 0.04842705991442381 0.33117895049059265 -0.9759828407682227
822 -2.45160482091303 -0.04229156677764134 1.8474030890114408 -2.090604052413448
823 -0.7543046240221043 -0.11957924469776476 0.02601480267189335 0.16026633780437305
824 -1.2458463282878354 -2.867677916753419 0.20966536357801785 -0.5207844962184549
825 -0.05583059888288283 1.9653185525529058 0.6610101666287307 -1.3048032854217477
826 -0.4932453040299155 -1.5794785903612683 -0.4913765180691126 0.48334836050747826
827 -0.3961881309226636 -1.4214683342958856 -0.889990739847435 -2.4571296818865487
828 -0.9307767589410879 -0.9799042549688486 -0.898540762870037 0.6442776413998611
829 0.8492432561751897 2.0301778850769105 0.564441635810615 0.4862175448125164
830 1.3666920168118777 0.35080201837508074 0.8887913500524884 -0.6616176435385441
831 1.8672143957620686 1.4684422440337037 1.9650807202200757 1.4551012854819383
832 -2.8530085957423372 -0.5061698955202881 -2.956439901537789 -2.3934504571800113
833 -2.8159749535971246 -0.7727914335158278 -0.9496306200063194 -0.6892655121702034
834 0.43772104282347185 0.11971313856749768 1.433094721883264 -1.7604525289523059
835 -0.37741078577564324 -1.6249886305560013 -2.917922141291613 1.4601777019368543
836 -0.2617430200340549 -0.5993156763548183 0.2439737394526884 1.3472043411951393
837 -0.14354237566639633 -1.3314011968325965 -5.160682514968559 -2.218458517543989
838 2.1674439612254566 -1.8819480272439937 -0.043987239422401014 -1.513014170112664
839 -1.3592081946803871 -1.2236965141042835 0.872049255174939 2.5397286654696236
840 3.345735656644247 0.18057612081490504 1.8503572360831877 -1.3577524821867906
841 -0.6751665337555591 1.3922368950674402 -0.498702105904123 0.3137267610120559
842 0.16795230350359924 -0.1322889785662344 -1.0592202113392368 -2.074675671694405
843 0.6638680704419766 0.9995643692665527 -1.548524852839484 0.5203799326047405
844 1.4594964380253757 1.2183263959485688 3.011863210354476 1.3930429582940627
845 2.053271751430494 1.357554209815003 -0.018042529780070093 0.29560176179101405
846 1.2936090021158926 -0.707022791980222 -0.6384279005187826 0.49069848781104186
847 1.5859730951202624 0.3217517226974142 -0.5253591519322598 -1.5220483228434285
848 0.8944881787863992 -0.12540423597100073 -0.000637818660049555 1.2424621897317736
849 1.800313744895052 0.21501942058168066 -0.020218494148956934 0.8758771181195859
850 -0.6799508703265056 -1.0835822677237177 -1.1767930284461683 -0.3548612595242432
851 -0.09752446387916917 -0.302714469022059 0.08563401684944039 -3.4871503619854316
852 -1.0214623610608122 -1.3915141333610122 -2.4151346593896323 -0.05096752312843611
853 -1.7470612624994057 -1.049697080696279 -0.08208342515710015 -0.8851979482951546
854 0.5965886887290367 -0.72685585481015 -0.8783975009095866 0.2871657235696231
855 0.6468262924822422 -0.09011656533505163 -0.49605031955459694 -1.3564638588603581
856 -3.851115213898635 -2.489582123349682 -2.0150089900507946 -0.9273360386740365
857 -1.5455660652043908 1.5136424632339935 -2.6678469011676094 1.5800365000777228
858 2.3056258047010356 2.815395012834209 2.171539880532971 -0.14753564140052466
859 -0.28838144060467263 -1.3095136578913327 1.9666457587396193 -0.9702669365365915
860 0.11370936952125121 0.6588566089948918 3.169095714813385 1.578198255951006
861 -0.1610106554857127 0.6767689846019672 1.0372105044738318 1.1504512025588292
862 0.9458410573547299 1.2461321503487535 1.1495348332401585 -0.8298424368030172
863 -0.24555742445096726 -0.2512441003462682 -0.07513504200492133 3.074574852496151
864 1.0984968314940928 0.4768596586708015 -0.2487937344490463 0.9049789646002454
865 -1.0906541810117232 -0.2406099175820567 -1.6669675771695154 1.7811652387293855
866 0.001224252905238865 -0.13902247510639132 -1.5091028055264233 -1.0686276237905592
867 -1.961321966623547 -1.0309325950691468 -1.0647789005880697 1.151644735194101
868 2.751782610460208 2.3143381795738693 1.0694594422366683 -0.5417797658311528
869 -0.8731419423572193 0.9232507396517174 1.471745513657243 2.4218432693889422
870 -1.8146199625323378 1.758892772651971 -0.9847412800035968 0.3505528813713568
871 1.4880119760525399 1.1269720587415029 -1.8339415314411405 1.4468052309452317
872 2.0531908196786106 -0.6761114964942259 0.9282348674981753 0.8144345200780092
873 -0.4610895475934087 -0.8155093192409951 1.4453448743276418 -0.28347302555401865
874 0.8621400741520702 -1.3072301940582358 -0.39418708169375466 0.15063386332130058
875 -1.3372375759834767 -0.3136257405116545 -1.5216189622556597 -1.0763175957992779
876 0.11676710703050026 -0.48807940773851777 -2.5409258261584355 0.20313669671156365
877 -0.8071976010708294 -2.0238085922826583 -0.7979456933619191 -1.4467015736768771
878 -2.344885977668124 -1.1038406248388488 -0.5161617544284492 -0.7295306829550422
879 0.9488653424545209 -0.5582621670555561 2.4634145495623825 0.5591525201327037
880 -0.3727204077619366 1.684450926509164 2.071109814458887 -0.6048702141474808
881 -0.6481039278366375 0.8551504887565966 4.070688165148221 -0.4575867647794332
882 -1.1235214884240845 -0.3928206436456162 -1.6807521116497668 0.5159338117216403
883 1.0721854478094452 0.5411435819718251 0.29486848528537457 0.5904864561280045
884 -1.4624706210739509 -0.1641311688945708 -0.32763929971395317 -1.52380941943171
885 -1.6233790045441598 -0.2000174667985506 1.794619188105243 0.8119375020673286
886 -0.9104187985593509 -0.7213893982188353 -1.7777973831612357 -0.5483544567134969
887 0.03631582544307754 0.43227137535683513 -0.4259066484357228 2.0362030606619665
888 -0.8129715135669275 -2.356229472504713 0.5348939837662785 1.7653247369535363
889 -1.9996675527569798 -2.511823000958972 0.6267063989864661 -0.5800532158242677
890 -1.248369980381115 -0.4106169046464597 1.219815917393854 2.244779846165806
891 0.8282880238461544 0.0053254757229517224 2.0529908722015247 -0.5427186265504494
892 -1.315818391215918 -2.432769788466324 0.9133132838554339 -2.8260340838617948
893 0.4906092811485625 2.4812885304972254 2.724250616657824 0.980307906805496
894 2.9486846792794066 1.0750490903433934 1.2562935937040332 -1.510247434485275
895 1.2019276971809312 1.2473838484138393 1.0199870579179513 1.04391237808446
896 3.123169092900937 2.0860736783037614 1.8081085000073862 2.2192580351448434
897 1.3917669155338332 -0.9432318165539002 -1.4215172307997004 -1.0287444098861966
898 0.8141889208184536 1.3054533967154578 1.4342788155470774 -0.2258271799209296
899 0.09830576519833145 2.6231685417990347 3.4977606550628586 -0.5227908615874126
900 -1.3527311200997416 1.9421277475164225 -0.6446429096940791 -1.5952760451634769
901 -0.24903828630019098 -1.5421451394591665 -0.7750890320353347 -1.9489067902796253
902 1.587225127539893 0.052945082938977595 -1.0600339608981442 0.19076196058457429
903 -1.0360965874218948 0.2994388461950884 -3.1520111691013026 -2.494928920229035
904 2.4737321830997905 -0.40345332335475464 0.07399118738454138 -1.0650065701706197
905 0.7694522851151964 -0.34769689633655243 1.0104517912085393 -0.4381734708660894
906 0.38010887755093914 0.3521789971581305 -1.109706816974224 0.41005592315796574
907 1.2714291167751903 1.4056216102642152 1.502689251043067 -0.3782973253694317
908 -2.4775009094664164 -0.9157349759189332 2.122350242361231 2.268411956919543
909 1.0677604948674495 0.07293465565091828 1.2977409030458 0.26392622305093894
910 2.5038431592539254 -0.42647422208049024 0.7328022523880726 2.874619237536876
911 0.3275918855587807 1.3155101178003181 0.005723978026331233 -0.13243718285606132
912 -0.9195918981671014 -0.5491400669876506 -0.5113650889007193 -0.11211781351542238
913 -0.14447592447107604 -1.46096629662245 -0.6408408826396652 -0.022445963162928073
914 0.13451467058225208 1.5449852554071515 1.4667953534076177 -1.2334810564816945
915 -1.0020471855935367 -0.2913648447401147 0.2631782806322074 -0.5905068353410508
916 1.8143951983348232 1.0874068411468727 1.5722209589466871 1.7467696483127764
917 0.6949140017265455 -0.9735092310983418 -0.2328247842294967 -0.8445401948189966
918 -3.183247722527642 -2.309683645040672 -1.3141125606043431 -1.3591761177085302
919 0.6203027586027361 -1.3135487294807633 0.594363292747761 -1.2460812363378828
920 1.4490279450340693 1.1280710354603134 0.5658786103425827 0.5436173931621623
921 -2.565512122327511 -2.7401610970024306 -2.214796223874215 0.13890286593500767
922 1.0320584630525333 0.8736283614734367 0.7408682257279418 -1.1498315194892923
923 -0.32031364580232735 -0.9623349735619077 -0.3082420330743061 0.516762721990886
924 -0.8242745585520019 0.9884372015399933 1.9948962321030133 2.119092094707034
925 3.703222871237249 2.244717971464547 -0.4076890957292188 1.1500608588379235
926 -1.28209178980353 -0.029506538995055287 0.5033777810176185 -2.1459421381567454
927 -0.7124568598602775 -1.4685177995923855 0.6786935504717683 0.5320865258255465
928 -2.561307575806121 -2.8785023451122433 0.22611911220550784 -1.3805840650368952
929 -1.2829917878750356 -4.125353794731085 -0.8807684957999766 -0.9378771355840974
930 1.468450878052298 0.30649859802757834 -0.6974542556393374 1.0078373781985124
931 -0.8403860981821223 0.022541312127727087 1.0856854239110652 1.3669662974293844
932 -0.18057956235955216 -0.40227269862501136 2.0824644060311726 1.1430375156871218
933 0.8172692606772939 -0.11816244550510113 3.729617985169879 -0.44972628306837575
934 0.42146119647281266 -1.878335307202437 0.05802423822038538 0.23311415394792712
935 1.6931345679718666 1.0158516304235516 2.2655877789131025 3.250344031831058
936 -1.1151929421444486 -0.8588322595492142 -1.5339767439507226 2.0964705169957063
937 1.4336806999329936 -0.28775366073425723 -0.31828877554939494 0.8364596717732529
938 1.5152385148013088 -0.6805395648477888 0.33019743919405015 1.5328489905501226
939 1.1821357201981093 -0.9211446299757344 1.2494036527720465 0.6514010412667925
940 1.998359933370781 2.239692051147866 1.1205336241636061 2.218632070625545
941 -1.6554528263892565 0.6830131638074177 0.4354026396531568 -1.0250786064446753
942 -1.4972136834759862 -0.8763852943030901 2.1015669306131453 2.3557726182552585
943 -0.5703497643280347 -2.4186883148827647 0.017373654400701936 -1.543757571952826
944 3.3667157603013944 -0.5550937850673923 -1.0350014962924887 -0.7113061007249865
945 3.5080450872231417 2.0221157739819846 -1.817242621617986 2.4098355358750836
946 2.5180290362598723 2.1188828511075015 -0.21450939957502085 -1.6452331630249235
947 -0.44759536250738796 -2.1972760122458572 -2.7798600880764925 -1.6851202237004008
948 -1.3692306105778687 -0.012989685594879119 2.2010734359241177 -0.2203085152181038
949 0.6610015819873332 -1.4362291571734833 1.0688311957445058 -2.192698356700024
950 -3.9789941393099335 -3.0916408287708195 -2.4030869680822233 -0.5543512831912609
951 -0.8806668710716066 1.5226023848151724 -1.7060145893391536 2.969866885659344
952 -0.02498043823579077 2.313986161813185 -0.3101909111767063 0.5972055788384003
953 1.5485710449685255 0.7357652242866427 0.9734890580965546 -1.7293114465459283
954 -0.008429969828295053 0.18322619376246488 -0.0333446883947619 -1.064149525761469
955 -0.826452134213158 -2.1884441988102337 -4.172877910053316 -1.8667759115966023
956 -0.5092959831798768 -3.7743949865862323 -1.3315677049758412 -4.099867444023805
957 -0.15535786545532698 0.5111031254394014 -0.021071640028900163 1.4534915363951373
958 -0.7912514880489898 -0.8059295977519638 -0.3438983349278044 -1.2530585361609923
959 1.637287716160335 0.604967275470659 -0.35386287184922804 -1.0985288448918857
960 -0.3330714379206011 0.6469592352414626 1.401630937274466 -0.23370911453523774
961 1.1101416574591616 0.7516168265389228 1.106629196450473 -0.8442677106259172
962 -0.6251105749548524 0.05569950434960025 -0.7403971962075135 -1.5042234499969813
963 -0.9430872393218285 -0.219526640423892 0.9683993958351956 -1.4499135647205341
964 -1.0835539409163957 -1.7952581720633694 -0.6350342134215017 -1.5991760432794822
965 -1.616063606861577 -1.260008036307207 -1.1192666131880342 -0.5962365223366328
966 1.8699752085839474 -0.26676195681286513 -1.2961222509249604 -0.19754110407575648
967 -1.1270463357143914 -1.049725028769281 -0.5249921865823453 0.18519793548425076
968 2.091781075889138 -0.34119006115986866 0.592507413408758 -0.7127965363378852
969 -0.0503674365857647 0.07048650154691033 1.8020109141773963 -0.13913374518547994
970 1.183731141431952 -2.5512941305829124 0.8247006026876063 0.7894811891667921
971 1.6184705585325694 -0.34847825940568933 1.2735358091457556 1.0623754688253342
972 -0.9675642649804335 -2.0185426625446614 -1.167780417185789 -0.01583009133985558
973 -2.1578180930098556 -0.8096003405969132 2.191927776981296 -2.2324297864811857
974 -0.6559855665021194 -1.338336587908754 0.41270295028689086 -1.1792584912800346
975 -0.10306910222864829 -2.4296104929530866 -0.9470312282861171 -1.1136202774915924
976 -0.8777052360764225 -0.8125220450632409 1.3359470862646445 -1.2404254799401244
977 -1.411867935637546 -1.8084630732778733 -0.28754435297987313 -0.3139857580582992
978 -1.5431872344172386 -2.8390800283413515 -2.2803214416243254 -3.483290777096265
979 0.22335857652246535 0.14835943129631002 0.01679491214094392 -1.0079137641480784
980 -2.524413809747559 -0.5761462971818381 -0.09816454391824747 -2.693074887937178
981 -0.325839641704355 1.5195066549380238 0.6750288008789156 1.2425943137190085
982 -1.265064940642847 -3.394470815865332 -1.986282018211154 -2.1161413550750856
983 0.17397237206140936 -0.011559924139824845 -0.5726430776648299 -0.47456367045204745
984 1.6019498970141122 -1.0435189254489872 -0.23281521359138135 -0.7776594767830552
985 0.8504946040196358 0.2498554319871349 0.16528241049145648 0.12732454726253917
986 -1.744720349048746 0.5454688103604481 -0.21483217981021852 0.9490035194480158
987 0.3231007714292158 -0.6132075023596942 -0.2254838639505482 -1.6386352036417802
988 -1.6904510536812385 -0.13543127199035743 -0.6496084175513905 -1.836338737981654
989 -1.734364977595694 0.779310042779443 1.5801014131832012 -1.3349671279118613
990 -0.50150275684413 0.7263922906674403 1.4536774344623238 -1.9045248545406692
991 -1.1647980136334433 -0.5667736541842539 -2.236483991813748 -0.6639003628346944
992 0.7616079307913857 -1.325488574544183 0.5317664555244832 -0.6280192316347193
993 1.423919700461858 2.024587723303014 0.46966046720046345 0.2940487118436254
994 -0.14629822051011077 1.062624281698905 -0.3718990064150124 -1.206153004583456
995 -2.645044182620061 0.2751588334454278 1.390659947691449 -0.7853207106880202
996 0.17113167051298805 -1.1656304802324922 -0.5893993521368025 1.0602156372130564
997 -0.389644456170716 0.7798076227568662 -1.3151227421624245 -1.0298877081831006
998 -0.9633592483662267 -0.5204291938828411 0.6038868756191448 0.9853076127822336
999 1.7897998661615782 1.31222034476264 0.5599932796689152 1.7354421887418452
